image: IZ_f0.png
resolution: 0.050000
origin: [-50.0, -50.0, 0.000000]
occupied_thresh: 0.65
free_thresh: 0.196
negate: 0
